20 10
0 46 1 72 2 48 3 4 4 5 5 91 6 92 7 10 8 56 9 79 
0 84 1 29 2 70 3 49 4 76 5 60 6 28 7 25 8 22 9 86 
0 27 1 22 2 18 3 53 4 21 5 38 6 100 7 24 8 44 9 92 
0 53 1 83 2 88 3 46 4 1 5 52 6 77 7 48 8 39 9 28 
0 25 1 34 2 3 3 37 4 18 5 97 6 61 7 33 8 59 9 30 
0 93 1 92 2 9 3 26 4 11 5 34 6 11 7 80 8 68 9 74 
0 85 1 53 2 45 3 2 4 13 5 39 6 57 7 53 8 12 9 39 
0 44 1 88 2 59 3 75 4 70 5 100 6 16 7 95 8 18 9 19 
0 85 1 22 2 20 3 19 4 37 5 84 6 69 7 32 8 28 9 59 
0 37 1 83 2 49 3 67 4 49 5 14 6 16 7 79 8 77 9 63 
0 62 1 33 2 80 3 78 4 1 5 19 6 94 7 4 8 94 9 28 
0 60 1 68 2 50 3 64 4 51 5 22 6 60 7 34 8 59 9 32 
0 97 1 95 2 89 3 4 4 7 5 93 6 100 7 14 8 93 9 22 
0 84 1 63 2 63 3 75 4 73 5 94 6 63 7 14 8 89 9 18 
0 33 1 17 2 77 3 87 4 88 5 79 6 88 7 90 8 12 9 92 
0 82 1 53 2 30 3 91 4 8 5 62 6 78 7 73 8 6 9 32 
0 44 1 68 2 44 3 30 4 76 5 12 6 14 7 85 8 60 9 64 
0 30 1 62 2 1 3 94 4 19 5 36 6 75 7 4 8 2 9 24 
0 27 1 51 2 17 3 31 4 91 5 59 6 82 7 31 8 69 9 59 
0 98 1 62 2 44 3 76 4 42 5 93 6 61 7 59 8 74 9 10 
