50 20
0 36 1 11 2 34 3 63 4 30 5 21 6 42 7 10 8 30 9 40 10 53 11 54 12 52 13 63 14 1 15 48 16 50 17 92 18 28 19 60 
0 10 1 76 2 64 3 100 4 52 5 64 6 99 7 24 8 60 9 68 10 29 11 99 12 18 13 54 14 72 15 66 16 16 17 68 18 70 19 68 
0 53 1 51 2 12 3 5 4 82 5 82 6 90 7 9 8 70 9 61 10 94 11 30 12 55 13 29 14 72 15 39 16 26 17 87 18 47 19 1 
0 64 1 82 2 100 3 1 4 48 5 9 6 43 7 11 8 76 9 43 10 23 11 99 12 41 13 55 14 69 15 58 16 28 17 18 18 9 19 85 
0 65 1 11 2 41 3 46 4 60 5 67 6 88 7 11 8 38 9 33 10 50 11 96 12 48 13 77 14 70 15 79 16 71 17 27 18 30 19 72 
0 36 1 94 2 8 3 69 4 60 5 58 6 7 7 25 8 84 9 35 10 3 11 67 12 17 13 56 14 68 15 53 16 32 17 32 18 74 19 2 
0 73 1 96 2 10 3 64 4 35 5 72 6 22 7 15 8 27 9 40 10 27 11 65 12 98 13 87 14 37 15 68 16 75 17 77 18 39 19 40 
0 65 1 53 2 64 3 11 4 62 5 31 6 57 7 87 8 41 9 8 10 26 11 31 12 64 13 87 14 70 15 94 16 53 17 100 18 57 19 48 
0 68 1 75 2 81 3 81 4 16 5 77 6 28 7 21 8 94 9 42 10 30 11 49 12 13 13 94 14 80 15 60 16 76 17 86 18 4 19 35 
0 82 1 69 2 93 3 62 4 26 5 50 6 87 7 37 8 41 9 36 10 99 11 94 12 17 13 42 14 74 15 57 16 79 17 27 18 11 19 60 
0 45 1 75 2 79 3 38 4 17 5 77 6 14 7 14 8 96 9 22 10 67 11 35 12 23 13 76 14 59 15 48 16 5 17 31 18 47 19 28 
0 79 1 55 2 40 3 20 4 95 5 59 6 66 7 89 8 75 9 11 10 47 11 75 12 4 13 49 14 42 15 51 16 61 17 18 18 26 19 100 
0 30 1 64 2 88 3 11 4 74 5 80 6 49 7 47 8 39 9 51 10 10 11 32 12 18 13 81 14 17 15 87 16 47 17 50 18 100 19 8 
0 71 1 51 2 75 3 19 4 73 5 64 6 71 7 41 8 57 9 67 10 15 11 64 12 22 13 27 14 4 15 25 16 13 17 52 18 59 19 21 
0 50 1 23 2 75 3 27 4 11 5 63 6 7 7 25 8 89 9 47 10 53 11 78 12 13 13 90 14 21 15 19 16 30 17 52 18 50 19 71 
0 87 1 20 2 13 3 46 4 98 5 27 6 48 7 80 8 47 9 21 10 28 11 30 12 32 13 14 14 63 15 86 16 38 17 35 18 13 19 98 
0 42 1 54 2 61 3 5 4 60 5 78 6 59 7 4 8 17 9 28 10 1 11 13 12 59 13 52 14 66 15 89 16 59 17 6 18 46 19 8 
0 13 1 25 2 42 3 94 4 47 5 63 6 83 7 84 8 82 9 66 10 68 11 100 12 36 13 7 14 28 15 58 16 8 17 7 18 36 19 39 
0 50 1 52 2 73 3 61 4 79 5 86 6 2 7 51 8 71 9 44 10 2 11 68 12 15 13 76 14 69 15 49 16 11 17 91 18 74 19 73 
0 13 1 69 2 50 3 70 4 94 5 11 6 86 7 90 8 23 9 92 10 11 11 15 12 70 13 78 14 86 15 9 16 19 17 38 18 58 19 35 
0 5 1 33 2 69 3 61 4 45 5 13 6 57 7 13 8 47 9 69 10 8 11 95 12 51 13 15 14 80 15 48 16 37 17 43 18 71 19 89 
0 95 1 68 2 54 3 26 4 87 5 46 6 79 7 46 8 31 9 21 10 78 11 41 12 84 13 71 14 22 15 84 16 45 17 48 18 61 19 100 
0 14 1 43 2 44 3 49 4 32 5 50 6 76 7 6 8 92 9 1 10 59 11 56 12 98 13 28 14 60 15 16 16 49 17 47 18 31 19 96 
0 4 1 17 2 75 3 53 4 33 5 15 6 56 7 83 8 66 9 47 10 13 11 41 12 15 13 89 14 99 15 16 16 78 17 88 18 69 19 17 
0 20 1 48 2 4 3 2 4 67 5 1 6 8 7 11 8 56 9 81 10 78 11 24 12 76 13 6 14 65 15 41 16 57 17 76 18 51 19 3 
0 14 1 71 2 2 3 3 4 58 5 15 6 91 7 48 8 28 9 81 10 50 11 52 12 91 13 69 14 83 15 30 16 94 17 46 18 13 19 17 
0 91 1 22 2 86 3 83 4 61 5 26 6 29 7 31 8 69 9 18 10 96 11 37 12 40 13 100 14 27 15 63 16 37 17 98 18 35 19 2 
0 86 1 98 2 85 3 31 4 35 5 12 6 40 7 30 8 86 9 80 10 18 11 27 12 65 13 37 14 16 15 54 16 9 17 15 18 50 19 26 
0 34 1 98 2 54 3 46 4 68 5 67 6 50 7 15 8 62 9 75 10 69 11 85 12 89 13 34 14 10 15 62 16 50 17 92 18 89 19 47 
0 6 1 2 2 96 3 1 4 31 5 58 6 24 7 47 8 92 9 68 10 50 11 62 12 31 13 80 14 94 15 67 16 82 17 6 18 63 19 17 
0 63 1 59 2 92 3 11 4 88 5 84 6 73 7 100 8 94 9 65 10 8 11 22 12 1 13 92 14 10 15 69 16 54 17 86 18 76 19 34 
0 79 1 30 2 60 3 54 4 86 5 35 6 34 7 9 8 87 9 95 10 44 11 83 12 44 13 93 14 25 15 94 16 89 17 35 18 56 19 47 
0 39 1 100 2 96 3 38 4 97 5 100 6 70 7 36 8 79 9 51 10 96 11 60 12 54 13 10 14 89 15 37 16 65 17 46 18 90 19 20 
0 91 1 35 2 45 3 34 4 89 5 98 6 84 7 7 8 25 9 91 10 83 11 64 12 3 13 82 14 40 15 83 16 33 17 54 18 82 19 52 
0 23 1 81 2 20 3 79 4 61 5 40 6 96 7 95 8 100 9 89 10 73 11 50 12 33 13 47 14 9 15 56 16 69 17 66 18 47 19 81 
0 32 1 79 2 43 3 41 4 38 5 9 6 44 7 30 8 69 9 94 10 29 11 68 12 9 13 79 14 13 15 22 16 7 17 15 18 94 19 47 
0 1 1 98 2 18 3 97 4 18 5 29 6 50 7 58 8 21 9 13 10 14 11 12 12 83 13 65 14 65 15 25 16 68 17 30 18 84 19 62 
0 2 1 83 2 61 3 19 4 52 5 73 6 88 7 52 8 26 9 18 10 26 11 39 12 13 13 66 14 41 15 21 16 2 17 82 18 91 19 97 
0 48 1 100 2 18 3 79 4 44 5 23 6 1 7 66 8 97 9 17 10 44 11 98 12 51 13 72 14 12 15 25 16 85 17 23 18 27 19 14 
0 11 1 49 2 25 3 96 4 33 5 25 6 91 7 63 8 12 9 18 10 98 11 54 12 98 13 23 14 1 15 27 16 92 17 79 18 57 19 5 
0 89 1 82 2 45 3 47 4 82 5 34 6 97 7 8 8 77 9 5 10 90 11 77 12 48 13 2 14 76 15 97 16 70 17 73 18 20 19 4 
0 2 1 65 2 56 3 7 4 91 5 59 6 44 7 80 8 12 9 36 10 37 11 32 12 6 13 51 14 60 15 55 16 22 17 98 18 15 19 91 
0 16 1 83 2 73 3 10 4 21 5 45 6 68 7 21 8 43 9 13 10 49 11 29 12 1 13 7 14 80 15 33 16 64 17 71 18 84 19 15 
0 43 1 2 2 37 3 32 4 84 5 91 6 82 7 99 8 12 9 62 10 71 11 66 12 69 13 53 14 55 15 48 16 47 17 58 18 68 19 82 
0 53 1 30 2 10 3 60 4 17 5 49 6 93 7 78 8 84 9 20 10 46 11 100 12 84 13 9 14 79 15 27 16 65 17 29 18 51 19 58 
0 99 1 3 2 8 3 51 4 7 5 13 6 42 7 26 8 75 9 16 10 40 11 30 12 17 13 55 14 28 15 16 16 65 17 66 18 85 19 37 
0 53 1 76 2 97 3 66 4 29 5 60 6 19 7 2 8 47 9 11 10 20 11 19 12 69 13 32 14 64 15 93 16 67 17 88 18 8 19 48 
0 23 1 8 2 67 3 52 4 96 5 29 6 24 7 62 8 23 9 16 10 60 11 100 12 59 13 47 14 62 15 75 16 3 17 72 18 75 19 85 
0 78 1 3 2 12 3 57 4 86 5 55 6 38 7 86 8 78 9 43 10 82 11 78 12 79 13 6 14 69 15 50 16 49 17 53 18 74 19 28 
0 59 1 25 2 20 3 39 4 99 5 38 6 49 7 13 8 2 9 61 10 28 11 53 12 62 13 51 14 66 15 55 16 3 17 91 18 20 19 25 
