50 20
0 4 1 54 2 93 3 45 4 27 5 56 6 88 7 18 8 13 9 80 10 98 11 33 12 67 13 21 14 17 15 62 16 45 17 30 18 95 19 34 
0 61 1 24 2 30 3 53 4 2 5 29 6 7 7 30 8 22 9 71 10 36 11 66 12 38 13 75 14 18 15 85 16 95 17 8 18 13 19 43 
0 42 1 47 2 98 3 17 4 82 5 36 6 57 7 85 8 66 9 14 10 13 11 19 12 89 13 10 14 83 15 91 16 40 17 41 18 52 19 62 
0 72 1 38 2 48 3 31 4 24 5 4 6 70 7 96 8 51 9 89 10 4 11 41 12 11 13 45 14 39 15 79 16 57 17 18 18 61 19 98 
0 68 1 36 2 62 3 87 4 41 5 24 6 4 7 67 8 70 9 99 10 58 11 94 12 88 13 64 14 7 15 82 16 48 17 12 18 24 19 7 
0 94 1 96 2 70 3 9 4 2 5 10 6 41 7 34 8 22 9 18 10 2 11 91 12 62 13 1 14 80 15 50 16 88 17 46 18 13 19 48 
0 14 1 43 2 43 3 46 4 90 5 67 6 90 7 78 8 100 9 39 10 85 11 59 12 59 13 35 14 91 15 31 16 63 17 57 18 17 19 81 
0 27 1 1 2 14 3 69 4 14 5 4 6 8 7 80 8 47 9 16 10 55 11 51 12 25 13 46 14 8 15 93 16 3 17 1 18 39 19 57 
0 22 1 100 2 12 3 31 4 96 5 45 6 42 7 18 8 93 9 50 10 41 11 64 12 60 13 98 14 90 15 21 16 72 17 48 18 75 19 24 
0 29 1 82 2 7 3 20 4 96 5 22 6 16 7 68 8 55 9 21 10 2 11 13 12 67 13 58 14 1 15 19 16 66 17 38 18 60 19 5 
0 21 1 8 2 38 3 78 4 63 5 1 6 39 7 40 8 10 9 26 10 46 11 27 12 49 13 3 14 21 15 46 16 38 17 3 18 53 19 24 
0 38 1 52 2 44 3 84 4 60 5 23 6 58 7 31 8 16 9 79 10 99 11 89 12 48 13 37 14 87 15 17 16 55 17 64 18 72 19 89 
0 29 1 84 2 48 3 3 4 13 5 85 6 25 7 87 8 32 9 5 10 11 11 94 12 65 13 89 14 2 15 31 16 16 17 19 18 60 19 40 
0 91 1 99 2 17 3 45 4 95 5 94 6 57 7 38 8 21 9 56 10 61 11 43 12 41 13 54 14 100 15 33 16 78 17 1 18 27 19 77 
0 3 1 97 2 74 3 99 4 12 5 80 6 88 7 25 8 97 9 96 10 28 11 48 12 73 13 67 14 61 15 11 16 58 17 96 18 15 19 60 
0 26 1 23 2 19 3 89 4 2 5 19 6 54 7 81 8 16 9 13 10 71 11 50 12 89 13 18 14 57 15 27 16 38 17 12 18 100 19 72 
0 46 1 4 2 90 3 39 4 32 5 4 6 95 7 78 8 7 9 67 10 12 11 82 12 73 13 38 14 63 15 61 16 18 17 43 18 78 19 11 
0 50 1 41 2 58 3 79 4 89 5 37 6 49 7 88 8 91 9 31 10 60 11 77 12 23 13 100 14 35 15 66 16 84 17 90 18 100 19 35 
0 74 1 33 2 70 3 70 4 77 5 62 6 20 7 81 8 46 9 86 10 7 11 33 12 12 13 50 14 39 15 51 16 51 17 68 18 76 19 61 
0 91 1 45 2 60 3 28 4 44 5 5 6 18 7 26 8 88 9 88 10 53 11 23 12 98 13 51 14 33 15 5 16 10 17 21 18 33 19 8 
0 41 1 39 2 97 3 45 4 45 5 43 6 10 7 98 8 44 9 17 10 17 11 29 12 44 13 97 14 93 15 95 16 91 17 64 18 60 19 41 
0 90 1 28 2 12 3 49 4 47 5 87 6 6 7 87 8 83 9 83 10 96 11 24 12 10 13 2 14 48 15 43 16 47 17 38 18 6 19 30 
0 25 1 93 2 54 3 25 4 28 5 29 6 54 7 81 8 94 9 7 10 93 11 31 12 62 13 83 14 32 15 39 16 93 17 98 18 23 19 35 
0 99 1 97 2 18 3 19 4 85 5 38 6 68 7 84 8 85 9 94 10 71 11 79 12 25 13 31 14 74 15 86 16 21 17 29 18 7 19 1 
0 92 1 78 2 17 3 13 4 39 5 65 6 55 7 17 8 4 9 50 10 11 11 84 12 64 13 58 14 60 15 45 16 5 17 64 18 6 19 15 
0 81 1 2 2 43 3 52 4 41 5 17 6 89 7 79 8 17 9 4 10 51 11 39 12 97 13 69 14 54 15 88 16 23 17 66 18 96 19 89 
0 38 1 39 2 49 3 90 4 65 5 11 6 50 7 17 8 62 9 76 10 35 11 20 12 91 13 43 14 63 15 31 16 28 17 81 18 45 19 60 
0 81 1 40 2 98 3 27 4 7 5 53 6 11 7 55 8 8 9 1 10 58 11 1 12 74 13 11 14 36 15 36 16 79 17 32 18 57 19 95 
0 54 1 41 2 61 3 92 4 35 5 60 6 39 7 20 8 50 9 33 10 25 11 27 12 76 13 26 14 96 15 58 16 25 17 74 18 47 19 28 
0 11 1 62 2 59 3 68 4 32 5 4 6 11 7 69 8 25 9 96 10 46 11 31 12 44 13 80 14 42 15 27 16 30 17 50 18 37 19 18 
0 73 1 51 2 69 3 49 4 15 5 39 6 54 7 90 8 89 9 3 10 40 11 54 12 29 13 65 14 18 15 6 16 40 17 1 18 56 19 32 
0 74 1 98 2 54 3 30 4 95 5 75 6 56 7 71 8 79 9 70 10 92 11 50 12 74 13 76 14 67 15 38 16 19 17 52 18 64 19 66 
0 31 1 62 2 56 3 33 4 96 5 85 6 2 7 17 8 28 9 57 10 85 11 60 12 9 13 28 14 61 15 7 16 59 17 33 18 81 19 40 
0 70 1 20 2 6 3 32 4 38 5 77 6 60 7 39 8 61 9 81 10 74 11 35 12 40 13 15 14 100 15 25 16 37 17 82 18 39 19 83 
0 14 1 60 2 66 3 94 4 54 5 57 6 44 7 26 8 32 9 14 10 11 11 24 12 96 13 100 14 57 15 64 16 29 17 30 18 56 19 2 
0 19 1 17 2 26 3 73 4 14 5 62 6 82 7 39 8 77 9 97 10 74 11 5 12 82 13 65 14 84 15 63 16 20 17 28 18 53 19 14 
0 8 1 32 2 92 3 36 4 28 5 48 6 40 7 9 8 8 9 46 10 99 11 78 12 80 13 9 14 92 15 100 16 62 17 73 18 66 19 9 
0 9 1 11 2 63 3 42 4 79 5 20 6 16 7 80 8 79 9 46 10 87 11 92 12 81 13 49 14 73 15 99 16 8 17 14 18 24 19 91 
0 32 1 19 2 67 3 27 4 67 5 45 6 39 7 51 8 71 9 56 10 25 11 65 12 56 13 10 14 65 15 60 16 34 17 6 18 87 19 85 
0 48 1 38 2 15 3 70 4 41 5 5 6 20 7 64 8 38 9 90 10 30 11 64 12 93 13 66 14 66 15 49 16 17 17 76 18 9 19 42 
0 33 1 78 2 98 3 93 4 65 5 79 6 35 7 13 8 41 9 13 10 34 11 45 12 10 13 30 14 37 15 26 16 9 17 83 18 16 19 30 
0 27 1 37 2 93 3 72 4 70 5 58 6 100 7 36 8 68 9 81 10 53 11 31 12 33 13 6 14 99 15 39 16 78 17 97 18 89 19 89 
0 2 1 81 2 99 3 91 4 81 5 43 6 41 7 36 8 69 9 67 10 58 11 53 12 89 13 42 14 54 15 98 16 71 17 81 18 85 19 60 
0 83 1 68 2 69 3 28 4 62 5 63 6 60 7 25 8 35 9 56 10 19 11 53 12 99 13 11 14 16 15 55 16 80 17 97 18 85 19 32 
0 1 1 1 2 78 3 33 4 60 5 16 6 76 7 77 8 95 9 18 10 7 11 75 12 64 13 80 14 16 15 67 16 8 17 21 18 67 19 13 
0 65 1 47 2 47 3 95 4 75 5 43 6 40 7 47 8 61 9 49 10 80 11 13 12 24 13 33 14 43 15 41 16 57 17 18 18 20 19 83 
0 30 1 51 2 60 3 92 4 58 5 75 6 36 7 4 8 39 9 43 10 70 11 51 12 93 13 11 14 82 15 30 16 74 17 74 18 53 19 99 
0 66 1 52 2 78 3 11 4 3 5 6 6 8 7 38 8 9 9 35 10 68 11 47 12 86 13 31 14 19 15 38 16 9 17 87 18 25 19 15 
0 67 1 18 2 50 3 12 4 24 5 16 6 84 7 87 8 42 9 58 10 79 11 92 12 13 13 9 14 32 15 49 16 75 17 52 18 82 19 58 
0 76 1 3 2 95 3 94 4 80 5 98 6 72 7 68 8 14 9 93 10 84 11 52 12 32 13 24 14 73 15 4 16 5 17 65 18 10 19 80 
