number of jobs, number of machines, initial seed, upper bound and lower bound :
         100           10    784461466           15           14
processing times :
 27  93  97  58  55  71  56   3  45  33  35  66  34  28  93  25  14  27  76  87  63  75  53  54  61  40  36  80  33  35  28  18  51  69  98  29  81  16  54  76  80  38  46  47  26  56  83  43   2  98  53   8  85   3  35   4  26  28  97  55   5  99  90  98  63  27  79   3  37  86  23  57  34  14  24  36  16  35  75  31   2  30  54  44  64   3  65  52  66  72  45  84  66  38   7  79  47  33  12  41
 76  33  77  64  25  57  75   3  21  26  75   1  45  26  51  65  78  72  65  73  12  39  13  14   3   1  63  85  30  81  74  95  18  47  30  88  90  29  72  34  90  72  98  43  85  35  80  92  59  18  46  58  26  24  87  76  62  72  99  63  72  42  22  76  38  87  40  37  53  49  16  29  25  28  69  89  97  86  67  18  53  70  29  21  55  25   7   2  35  17  49   6   7  77  65  93   8  21  71  99
 12  72  51  93  41  63  33  78  91   6  69  55  22   2  64  54  76  28  27  42  96  55   7  60  83  47  17  53  18   4  41  35  91  83  77  50  95  89  38  39   8  12  74  87  63  52   7  50  64  56  66   5  96  59  25  99  51  90  84  71  97  50  66  96  84  86  93  50  68   9  46  99  35  30  78  82  27  19  97  45  78  74  38  51  11  70  26  95  14  95  61  31  85  51  22  57  62  47  95  94
 13   5  99  37  53   1  77  73  74  96  22  63  42  32  53  96  78  52  95  69  72  33  43  73  22  54  19  28  37  96   9  35  44  39  84  32  51  33  34  47  13  97  39  85  10  80  84  53  25   6  19  63  15  64  77  51  45  98  32  30  28  93  43  19  75  58  38  47  98  21  29  24  15  39   2  17  77  90   9  41  67  31  36  76   3  44  92  54  65  80   3  20  33  79  73  79  27  53  88  88
 87  55  65  40  78   9  64   5  25  96  38  51   2  98  84  93   2  76  42  50  21  80  23  86   6  55  91  51  88  13  41  92   1   2  41  19  37  77  43  59   7  35  82  20  11  94  22  78  54  12  39  10  56  55  98  86  70  61  90  38  39  53  17  91   9   4  62  37  46  58  86  70  55  17  43  47  14  78  68  97  76  42  61  82  60  69  15  92  70  88  67   7  31  55  96  37  38  50  30  51
 74  48  20  78  42  14  97  83  13  83  89  14  98  68  29  78   6   4  10  27  81  87  88  14  18  33   4  44  49  64  75  59  35  29  25  16  17   8  28  36  12   8  32  63  20  66  33   2  45  16   3  63   9  82  93  47  74  47  78  83  62  60   8   4   5  71  72  97  37  18  62  76  28  87  47   7   2  10  22  38  85  21  60  51  17  98  68  13   4  97  20  73  92  18  19  67  96  29  98  16
 41  86  71  41  66  35  49   7  61  98  42  14  80  17  11  20  42  58   1  99  72  86  93  93  23  45  95  19  48  25  29  45   9   1  15  12  37  65   1  89  69  21  43  30   1   3  39  62  32  82  64  13  17  54  18  55  98  84  30  17  52  28  11   7  67  87  83  90  95   2  68  33  28  89  68  51  53  40  58  26  53  73  75  85  82  59  52  47  95  70  40  52  61  21  27  46  45  79  42  25
 58  35  14  97  94  96  80  51  98  83  78  79  23  31  85  45  24  64  70  43  23  83  48   4  24  77   8  98  64  24   3  71   8  68  11  26  88  28  57  41  18  98   1  19  30  15  61  39  81  28  47  76  11  86  97  41  79   7  65   5  57  21  68  56  52  18  94  77  48  92   2  20  48  98  64  57  88  73  85  67  84  98   1  70  40  66  21  72   1  74  74  80  83  41  55  54  71  17  43  44
 47  57  12  60  59  75  56  45  84  41  14  49  47  12  15  39  67  25  57  58  57  16   8  90   7  49  38  90  86  25  35  75  40  40   3  78  10  23  13  87  77  48  49  27  95  75  67  14   2  10  13  41  64  37  40  84  70  77  84  97  37  73  53  81  18  18  57  29  35  90  39   9  97  81  91  62  68  62   7  90  59  61  60  54  24  64  78  69  69   4  89  74  44  60  43  63  26  29  26  43
 96  55  45   1  80  47  37   5  39  69  16  30  55   7  95  32  92  44  36  16  42  20  62  93   3  34  85  34  89  43  80   7  78  97  25   8  42  83  49  52  38  10  48  58  33  93  21  17   9  72  13  36  33  54  28  26  56   7  17  51  78  64  65  80  62  86  40  42  95  63  57  98  25  16  15  58  19  61  73  44  33  31  25  71  42   8  19  37  93  48  27  68  26  78   4  97  33  52  42  90
