number of jobs, number of machines, initial seed, upper bound and lower bound :
         100           10   1989696621           12           11
processing times :
  1  53   3  61  31  33  22  68  49  83  84  40  55  25  52  54  40  59   7  96  57   5  40   7  64  66  94  54  11  94  39  17  76  31  75  81  87  74  19  96  33  53  92  61  83  66  22  63  71  53  25  33   2  32  89  51  47  20   5  99  99  51  21  59  97  99  54  31  37  58  59  40  15  35  40  75  85  32  95  12  88  21  30  36  17  53  67  82  47  13  70  70  57  37  23  10  41  76  32  44
 71  25  99  77  43  47  54  60   5  82   2  42  90  99  92  33  52  19  84  39  29  39  54  36  79  81  59  39  16  35  87  40  37  14  11   9  37  87  24  71   8  38  55  36  51  64  65  79  28  12  58  75  45  65  66  71  65  98  64  74  13  88  79  78  24  77  91   3   8  37  77  63  43  69  44  57  62  93  87  11  11  24  47  51  93   3  32  72  65  71  70  90  63  68  12  35  94  16  53  22
  9   9  53  83  59  27  73  15  33  81  69  96  19  84  70  79  70  57  98  66  51  34  36  21  83  62  57  32  31  71  30  46  65   9  17  74  26  94  73  96  65   1  66  77  36  75  11  80  74  31  59  53  64  57  24   9  17  60  59  65  16  24  67  26  93  30  30  81   3  95  24  95  76  59  74  72  92  16  40  92  80   5  64  69   5  82  12  45  26  43  78  53  71  35  56  69  72  71  73   9
 32  13  32  51   6  56  19  38  94  73  96  66  22  60  34   7  86  28  10  91  70  39  81  30  95  36  77  77  67  82  26   8  84  70  17  98  38   5  34   4  80  10  61  78  45  20  48   4  15  25  81  86  41  57  30  20  13  58  55   9  86  40  11  56   7  56  50  37  51  23  35  99  97  68  11  32  95  50  15  89  51  78  86  64  31   5  60  98   1  50  64  87  99  62  32  25  21  46  52  91
 95  66  65  16  74  42  82  45  83  68  63  55  81  15  49   5   6  19  75  35  38  12  80  50  29   6   8  98  19  36  48  46  80  97  21  10  32  82  24  54  19  58  86  75  28  89  44  64  26   5  61  23  33  20  98  68  39  35  52  76  28  46  99   1  42  99  19  87  91  11  65  54  57  53  21   5  67  76  93  19  39   8  70  87  60   6  98  58   6  72  61  66  65  26  81  19  58  94  62  14
 10  40   6  59  19  30  13  86   8  82  68  36  14  59  85  24  25  85  89  34  61  14  24  87  25  86  67  86  11  87  83  90  56  57  54   5  95  39  50  48  86  10  30  76  80  73  56  87  93  66  79  91  21   3  55  52  30  80  99  40  55  98  80  97  13  88  28  78  24  65   1  87  72  92  32   5  89  17  76   6  27  21  64  87  75  23  16  17  76  23  16  35  48  61  44  15  39  61  92  63
 31   5  62  82   2  13  34  41  48  29  37  83  32  23  43  30  52  37  46  58  56   9  26  32  14  10  70  86   5  21  89  17  33  30  51  19   1  35  56  13  89  76  91  76  88   1  21  17  10  32  47  46  20  81  85  95  78  41  54  71  99  35  24  21   4   8  99  97   7  54  16  53  21  90   3  88  12  82  93  38  47  46  32  28  24  22  95  27  11  87  69  88  15  79  45  42  31   1  32   7
 79  57  36  70   2  66  94  32   8  22   9  83  61  54   9  67  47  49  38  94  65  95  47  30  84  67  93  81  94  99  90  48  12  42  43  64  54   3  83  11  40  14   5  44  55  15  61  95  21  87  93  16  88  46  37  14  51   1  89  77  64  74  25  33  68  66  34  56  40  71  66  79  46   5  78  71  91   4  75  65  80  82  16  95  99  80  46  54  69  57  63  43  97  79  30  57  15  51  97  88
 60  93  58  33  85  53  61  83  14  23  96  24  13  26  90  33  56  20  98  31  30  13  73  82   4  95  51  75   9   3  79  68  73  51  20  74   2  75  86  82  73  86  14  50  50  56  30  16  49  48  80  27  84  74  65  34  84  16  74  21  15  79  53  28   4  16  57  61  40  92  36  66  37  29   4   1  64  61  30   2  91   9  66  54  23  15  41   2  24  45  90  82  24  15  52  97   8  51  94  80
 59  45  67   6  89  90  82  21  23  60  62  38  96  63   5  18  97  79  11  59  62  56  43  74  77  16  49  45  78  25  11  90  58  34  68  18  40  92  70  84  29  46  36  89   9  53  28  61  47  73  87  88  32  81  99  39   2  53  87  70  28  65  73  83  21  96   4  84  92  35  45  43  92  34  31  83  70  42  34  70  52  86  70  47  53  68  92  27   1  14  41   9  88  16  66  69  70  80  79  78
